[gd_scene load_steps=12 format=2]

[ext_resource path="res://script/portrait0001.gd" type="Script" id=1]
[ext_resource path="res://model/portrait/portrait0002.material" type="Material" id=2]
[ext_resource path="res://model/portrait/por00001.glb" type="PackedScene" id=3]
[ext_resource path="res://model/bg/curvedPanelBG.obj" type="ArrayMesh" id=4]
[ext_resource path="res://texture/bg/fnc kabeer 3.jpg" type="Texture" id=5]
[ext_resource path="res://scene/sidebar.tscn" type="PackedScene" id=6]

[sub_resource type="ProceduralSky" id=1]
radiance_size = 0
sky_top_color = Color( 0.976471, 0.894118, 0.811765, 1 )
sky_horizon_color = Color( 0.262745, 0.270588, 0.262745, 1 )
sky_curve = 0.917682
ground_horizon_color = Color( 0.309804, 0.290196, 0.290196, 1 )
ground_curve = 0.342967
ground_energy = 0.0
sun_color = Color( 1, 0.996078, 0.65098, 1 )
sun_latitude = -3.12
sun_longitude = 21.18
sun_angle_min = 0.0
sun_energy = 3.26

[sub_resource type="Environment" id=2]
background_mode = 2
background_sky = SubResource( 1 )
background_sky_custom_fov = 39.6
background_sky_orientation = Basis( 0.992, 0.004, -0.064, 0, 1, 0.378, 0, 0, 2 )
background_color = Color( 0.266667, 0.258824, 0.239216, 1 )
background_energy = 1.41
ambient_light_color = Color( 0.0235294, 0.380392, 0.439216, 1 )
ambient_light_energy = 0.0
fog_depth_begin = 0.0
fog_depth_end = 671.4
fog_depth_curve = 2.14355
fog_transmit_curve = 12.5533
fog_height_enabled = true
fog_height_min = -1396.6
fog_height_max = -703.3
fog_height_curve = 1.10957
tonemap_mode = 2
tonemap_exposure = 0.5
auto_exposure_scale = 0.3
auto_exposure_max_luma = 15.74
dof_blur_far_enabled = true
dof_blur_far_distance = 94.36
dof_blur_near_distance = 6.62
dof_blur_near_transition = 0.86

[sub_resource type="SpatialMaterial" id=3]
albedo_color = Color( 0.913725, 0.835294, 0.721569, 1 )
roughness = 0.71

[sub_resource type="PlaneMesh" id=4]

[sub_resource type="SpatialMaterial" id=5]
flags_unshaded = true
flags_do_not_receive_shadows = true
flags_disable_ambient_light = true
albedo_texture = ExtResource( 5 )
detail_enabled = true
detail_blend_mode = 0
detail_uv_layer = 0
detail_albedo = ExtResource( 5 )

[node name="por00001Main" type="Spatial"]
script = ExtResource( 1 )

[node name="ClippedCamera" type="ClippedCamera" parent="."]
transform = Transform( 0.9687, 0, 0.248233, 0, 1, 0, -0.248233, 0, 0.9687, -1.36213, 2.59011, 2.01435 )
fov = 45.0

[node name="DirectionalLight" type="DirectionalLight" parent="."]
transform = Transform( -0.377297, 0.132019, 0.916634, -0.925962, -0.0371729, -0.375783, -0.0155365, -0.99055, 0.13627, 0.106844, 0.827555, 0.698425 )
light_color = Color( 0.941176, 0.964706, 0.960784, 1 )
light_energy = 0.2
shadow_bias = -1.28

[node name="por00001" parent="." instance=ExtResource( 3 )]
transform = Transform( 0.725182, 0, 0.688557, -0.10883, 0.98743, 0.114618, -0.679902, -0.158055, 0.716067, -2.17529, 2.1181, -0.208111 )

[node name="head" parent="por00001" index="0"]
transform = Transform( 0.268803, 0.0119619, -0.132672, -0.0187472, 0.299211, -0.0110059, 0.131885, 0.0181522, 0.268844, 0.310987, 0, 0.29528 )
material/0 = ExtResource( 2 )

[node name="OmniLight" type="OmniLight" parent="."]
transform = Transform( -0.0678561, 1.01113e-09, 0.997695, 0.0858967, 0.996287, 0.00584208, 0.993991, -0.0860951, 0.0676041, 6.17367, -0.0451155, -4.86216 )
light_color = Color( 0.866667, 0.819608, 0.635294, 1 )
light_energy = 3.61
light_indirect_energy = 0.0
light_specular = 0.61
shadow_enabled = true
shadow_bias = 5.26
omni_range = 13.4713

[node name="WorldEnvironment" type="WorldEnvironment" parent="."]
environment = SubResource( 2 )

[node name="curvedPanelBG" type="MeshInstance" parent="."]
transform = Transform( -0.996548, 0, -0.0830167, 0, 1, 0, 0.0830167, 0, -0.996548, 2.24834, -4.91721, 2.8914 )
material_override = SubResource( 3 )
mesh = ExtResource( 4 )
material/0 = null

[node name="OmniLight3" type="OmniLight" parent="."]
transform = Transform( -0.0678561, 5.05567e-10, 0.997695, 0.0858967, 0.996287, 0.00584208, 0.993991, -0.0860951, 0.0676041, -5.92088, 4.84333, -9.56912 )
light_color = Color( 0.803922, 0.866667, 0.756863, 1 )
light_energy = 1.73
light_indirect_energy = 1.72
light_specular = 0.65
shadow_enabled = true
shadow_bias = 2.21

[node name="SpotLight" type="SpotLight" parent="."]
transform = Transform( -0.121203, -0.935413, 0.332134, -0.0285105, 0.337744, 0.940806, 0.992218, -0.104559, 0.0676045, 0.0226188, 2.90065, 0.298955 )
light_energy = 3.05
light_indirect_energy = 2.38
shadow_enabled = true
shadow_bias = 3.59

[node name="MeshInstance" type="MeshInstance" parent="."]
transform = Transform( 3.30935, 0, 0, 0, 0.493712, -2.59674, 0, 1.33628, 0.254063, 0.327716, 2.92281, -3.18504 )
mesh = SubResource( 4 )
material/0 = SubResource( 5 )

[node name="sidebar" parent="." instance=ExtResource( 6 )]
[connection signal="pressed" from="sidebar/VBoxContainer/Button3" to="sidebar" method="_on_Button3_pressed"]
[connection signal="pressed" from="sidebar/VBoxContainer/Button4" to="sidebar" method="_on_Button4_pressed"]

[editable path="por00001"]

[editable path="sidebar"]
