[gd_scene load_steps=6 format=2]

[ext_resource path="res://model/portrait/portrait0001.material" type="Material" id=1]
[ext_resource path="res://model/portrait/por00001.glb" type="PackedScene" id=2]
[ext_resource path="res://script/portrait0001.gd" type="Script" id=3]

[sub_resource type="ProceduralSky" id=1]
radiance_size = 0
sky_top_color = Color( 0.0392157, 0.0196078, 0.00784314, 1 )
sky_horizon_color = Color( 0.980392, 0.976471, 0.85098, 1 )
sky_curve = 0.0153679
sky_energy = 5.52
ground_horizon_color = Color( 0.309804, 0.290196, 0.290196, 1 )
ground_curve = 0.0887655
ground_energy = 1.5
sun_color = Color( 1, 0.996078, 0.65098, 1 )
sun_latitude = -3.12
sun_longitude = 21.18
sun_angle_min = 0.0
sun_energy = 3.26

[sub_resource type="Environment" id=2]
background_mode = 2
background_sky = SubResource( 1 )
background_sky_custom_fov = 39.6
background_sky_orientation = Basis( 0.992, 0.004, -0.064, 0, 1, 0.378, 0, 0, 2 )
background_color = Color( 0.266667, 0.258824, 0.239216, 1 )
ambient_light_energy = 0.0
fog_depth_begin = 0.0
fog_depth_end = 671.4
fog_depth_curve = 2.14355
fog_transmit_curve = 12.5533
fog_height_enabled = true
fog_height_min = -1396.6
fog_height_max = -703.3
fog_height_curve = 1.10957
tonemap_mode = 2
tonemap_exposure = 0.5
auto_exposure_scale = 0.1
auto_exposure_max_luma = 15.74
dof_blur_near_enabled = true
dof_blur_near_distance = 0.03
dof_blur_near_transition = 0.86

[node name="por00001Main" type="Spatial"]
script = ExtResource( 3 )

[node name="ClippedCamera" type="ClippedCamera" parent="."]
transform = Transform( 0.9687, 0, 0.248233, 0, 1, 0, -0.248233, 0, 0.9687, 0.0967579, 3.3067, 8.87341 )
fov = 45.0

[node name="DirectionalLight" type="DirectionalLight" parent="."]
transform = Transform( 0.508903, -0.541312, 0.669327, -0.840551, -0.144727, 0.522041, -0.185718, -0.828273, -0.528653, 0, 0.827555, 0.750032 )
light_energy = 0.5

[node name="por00001" parent="." instance=ExtResource( 2 )]
transform = Transform( 1, 0, 0, 0, 1, 0, 0, 0, 1, -1.86928, 2.1181, -0.208111 )

[node name="head" parent="por00001" index="0"]
material/0 = ExtResource( 1 )

[node name="OmniLight" type="OmniLight" parent="."]
transform = Transform( -0.0678561, 0, 0.997695, 0, 1, 0, 0.997695, 0, 0.0678561, 6.7072, 8.63479, 0.130751 )
light_color = Color( 0.866667, 0.819608, 0.635294, 1 )
light_energy = 12.01
light_indirect_energy = 7.23
light_specular = 0.77
shadow_enabled = true
shadow_bias = 2.21
omni_range = 13.4713

[node name="WorldEnvironment" type="WorldEnvironment" parent="."]
environment = SubResource( 2 )

[node name="OmniLight2" type="OmniLight" parent="."]
transform = Transform( -0.0678561, 0, 0.997695, 0, 1, 0, 0.997695, 0, 0.0678561, -5.49114, -0.381225, -1.52111 )
light_color = Color( 0.866667, 0.819608, 0.635294, 1 )
light_energy = 0.0
light_indirect_energy = 7.23
light_specular = 0.77
shadow_enabled = true
shadow_bias = 2.21
omni_range = 13.4713

[editable path="por00001"]
